-23	-96	-15	1	-1
26	-96	-15	2	-1
23	27	-12	3	-1
-53	-45	-24	4	-1
8	36	-18	5	-1
-20	-24	-18	6	-1
17	-30	-15	7	-1
-35	-30	-24	8	-1
62	-27	-15	9	-1
50	-36	-24	10	-1
53	-33	-14	11	-1
32	33	-6	12	-1
-8	-54	57	13	1
-14	-21	39	14	1
-1	-18	46	15	1
8	-6	45	16	1
-8	-24	63	17	1
-8	-36	69	18	1
11	-36	72	19	1
-52	-25	41	20	1
26	-21	69	21	1
8	-48	69	22	1
-23	-33	69	23	1
-39	-22	52	24	1
26	-42	57	25	1
47	-24	42	26	1
-38	-30	66	27	1
18	-32	58	28	1
41	-12	57	29	1
-29	-45	57	30	1
8	-21	72	31	1
20	-45	66	32	1
-44	-34	44	33	1
-21	-34	58	34	1
-14	-21	72	35	1
39	-24	54	36	1
-38	-18	66	37	1
-17	-48	69	38	1
1	-31	58	39	1
2	-21	57	40	1
35	-21	45	41	1
-48	-14	34	42	2
34	-13	16	43	2
48	-10	34	44	2
-51	-13	24	45	2
62	-12	27	46	2
-4	-2	53	47	3
51	-31	34	48	3
17	-12	63	49	3
-17	-9	69	50	3
-11	-6	42	51	3
35	-3	0	52	3
11	-6	69	53	3
5	3	51	54	3
-43	-3	10	55	3
47	4	3	56	3
-33	0	6	57	3
-49	5	0	58	3
-6	13	36	59	3
34	6	5	60	3
30	-29	14	61	4
62	-36	21	62	4
55	-19	10	63	4
-37	-35	16	64	4
-58	-27	13	65	4
-47	-28	5	66	4
41	-26	21	67	4
-48	-36	24	68	4
-51	-24	22	69	4
-53	-12	12	70	4
53	-9	16	71	4
56	-21	30	72	4
-29	-29	12	73	4
-39	-75	22	74	5
5	60	3	75	5
8	42	-9	76	5
-12	-41	1	77	5
-17	57	-3	78	5
-44	-61	18	79	5
41	-73	26	80	5
-41	9	-30	81	5
44	12	-24	82	5
-65	-24	-15	83	5
-55	-27	-14	84	-1
26	12	-12	85	-1
-43	-65	31	86	5
-38	-75	39	87	5
-7	-56	25	88	5
5	-60	33	89	5
-11	-57	14	90	5
-3	-50	12	91	5
7	-50	29	92	5
14	-64	24	93	5
-3	-39	42	94	5
10	-55	16	95	5
49	-61	34	96	5
21	27	50	97	5
-11	33	54	98	5
-17	23	54	99	5
-35	15	51	100	5
20	33	42	101	5
11	48	42	102	5
-11	48	42	103	5
-20	39	42	104	5
5	48	21	105	5
5	57	27	106	5
-7	45	4	107	5
8	48	9	108	5
-3	39	-4	109	5
7	37	0	110	5
-11	39	12	111	5
-3	32	39	112	5
-3	36	20	113	5
-20	57	24	114	5
-8	42	27	115	5
62	-15	-15	116	5
-53	-15	-9	117	5
-55	-31	-4	118	5
62	-33	-6	119	5
-65	-42	-6	120	5
11	24	60	121	5
11	30	24	122	5
50	-6	-12	123	5
-25	-41	-8	124	5
26	-39	-11	125	5
-32	-39	-15	126	5
28	-76	-31	127	5
50	3	-24	128	5
-50	0	-24	129	5
44	-52	28	130	5
-47	-43	0	131	5
-29	15	-15	132	-1
-3	-37	30	133	6
-7	-72	38	134	6
10	-67	39	135	6
3	-50	48	136	6
-44	27	-9	137	5
-11	6	66	138	11
47	30	-6	139	5
8	-90	-9	140	-1
17	-90	-15	141	-1
-11	-93	-15	142	-1
17	-48	-9	143	7
38	-73	13	144	7
8	-72	9	145	7
-8	-80	5	146	7
-27	-79	16	147	7
19	-66	1	148	7
-23	-90	15	149	7
26	-60	-9	150	7
-14	-72	-9	151	7
-17	-68	3	152	7
41	-78	-12	153	7
-44	-75	-12	154	7
-14	-90	27	155	7
14	-87	33	156	7
27	-77	23	157	7
19	-85	-4	158	7
14	-77	28	159	7
-15	-53	-2	160	7
40	-66	-8	161	7
23	-87	21	162	7
5	-72	21	163	7
-40	-73	-2	164	7
25	-79	-16	165	7
-16	-77	30	166	7
-3	-81	18	167	7
-38	-87	-9	168	7
35	-84	11	169	7
6	-81	4	170	7
-25	-89	0	171	7
-31	-78	-15	172	7
35	-81	0	173	7
-43	-2	45	174	8
45	19	30	175	8
-45	7	24	176	8
-51	-50	39	177	8
-23	6	63	178	8
56	-54	-12	179	8
23	39	-9	180	8
32	48	-6	181	8
-20	36	-15	182	-1
-16	-75	-25	183	-1
17	-79	-34	184	-1
34	-67	-33	185	-1
44	5	35	186	8
-40	2	33	187	8
-41	33	24	188	8
36	37	20	189	8
46	-45	44	190	8
-28	-59	44	191	8
41	-55	45	192	8
29	9	57	193	8
35	-66	38	194	8
-41	-56	41	195	8
37	13	42	196	8
-33	49	9	197	8
-40	40	2	198	8
31	-55	42	199	8
41	43	4	200	8
-41	20	31	201	8
-4	21	46	202	8
9	-41	48	203	9
52	-47	36	204	9
39	-5	48	205	9
29	27	30	206	9
45	17	14	207	9
-34	16	3	208	9
34	17	7	209	9
35	27	3	210	9
32	12	-3	211	9
-11	21	27	212	9
-2	10	45	213	9
-27	46	25	214	9
-1	25	30	215	9
4	18	39	216	9
9	17	30	217	9
29	49	20	218	9
24	43	31	219	9
-38	45	21	220	9
1	-27	30	221	6
6	-26	1	222	10
-2	-16	13	223	10
-10	-21	8	224	10
11	-20	9	225	10
-5	-30	-3	226	10
-21	4	-2	227	10
-15	0	10	228	10
29	-17	4	229	10
22	6	5	230	10
27	-3	7	231	10
-30	-14	1	232	10
14	1	10	233	10
8	-7	8	234	10
51	-45	22	235	11
-54	-51	8	236	11
-53	-41	12	237	11
49	-35	9	238	11
49	-31	-2	239	11
53	-48	12	240	11
50	27	6	241	11
-47	21	2	242	11
-15	-65	-20	243	13
-30	-55	-25	244	13
22	-58	-22	245	13
1	-62	-18	246	13
32	-15	-30	247	-1
-29	-12	-33	248	-1
47	-6	-33	249	-1
-47	-9	-36	250	-1
8	-63	57	251	12
-50	-63	3	252	12
-44	-51	-21	253	-1
44	-48	-15	254	-1
44	-33	48	255	1
20	-66	45	256	12
44	-60	4	257	12
23	-60	57	258	12
-32	-48	44	259	12
-26	-71	33	260	12
-32	-5	53	261	12
-40	-60	-10	262	12
-17	-60	60	263	12
26	-9	54	264	12
-43	14	29	265	8